 4475.500000 0.823854
 4501.000000 1.008747
 4551.500000 0.429394
 4650.500000 0.514023
 4676.500000 0.119823
 4725.500000 0.097433
 4775.500000 0.617648
 4826.000000 0.305294
 4875.500000 0.028320
 4926.500000 -0.122008
 4975.500000 -0.098009
 5025.500000 -0.099132
 5076.000000 -0.092785
 5125.500000 -0.080488
 5176.500000 -0.092606
 5225.500000 -0.036821
 5275.500000 -0.007197
 5326.000000 -0.017926
 5375.500000 -0.006092
 5426.500000 0.013656
 5475.500000 0.024090
 5525.500000 0.034125
 5576.000000 0.032135
 5625.500000 0.055393
 5652.000000 0.047161
 5701.000000 0.036242
 5750.500000 0.051677
 5775.500000 0.083727
 5825.000000 0.110007
 5851.500000 0.073539
 5901.500000 0.036822
 5926.500000 0.048058
 5976.000000 0.046717
 6025.000000 0.046974
 6050.500000 0.045558
 6101.000000 0.061161
 6126.000000 0.064936
 6176.500000 0.057992
 6225.500000 0.073177
 6275.500000 0.080034
 6326.000000 0.044368
 6375.500000 -0.071357
 6426.500000 0.054440
 6475.500000 0.040659
 6525.500000 -0.106963
 6576.000000 -0.098413
 6625.500000 -0.095450
 6676.500000 0.048391
 6725.500000 0.171661
 6775.500000 0.121260
 6876.000000 0.041702
 6925.500000 0.190132
 6976.500000 0.227977
 7025.500000 0.243494
 7075.500000 -0.008403
 7126.000000 -0.159334
 7175.500000 -0.232502
 7276.500000 -0.073712
 7325.500000 -0.036012
 7375.500000 -0.044246
 7426.000000 -0.022295
 7475.500000 -0.007282
 7526.500000 0.017909
 7575.500000 0.002776
 7625.500000 -0.005890
 7676.000000 -0.013911
 7725.500000 -0.037528
 7776.500000 -0.078323
 7825.500000 -0.013811
 7875.500000 0.029606
 7926.000000 0.047232
 7975.500000 0.102148
 8026.500000 0.155936
 8075.500000 0.140207
 8125.500000 0.216478
 8176.000000 0.186845
 8225.500000 0.056909
 8252.000000 0.031659
 8301.000000 0.018386
 8350.500000 0.023363
 8375.500000 0.012992
 8425.000000 -0.009579
 8476.000000 -0.016212
 8526.500000 -0.054956
 8551.500000 0.025289
 8601.000000 0.012252
 8650.000000 0.061684
 8675.500000 0.488339
 8726.000000 1.182848
 8775.500000 0.808458
 8802.000000 0.556758
 8851.000000 0.337258
 8900.500000 0.247703
 8925.500000 0.000042
 8975.000000 -0.192891
 9026.000000 -0.289345
 9076.500000 -0.791766
 9101.500000 -0.672315
 9151.000000 -0.643684
 9200.000000 -0.623607
 9201.000000 -0.065721
 9250.000000 0.001152
 9300.000000 -0.195948
 9352.000000 -0.022560
 9401.000000 0.261118
 9451.000000 0.078643
 9500.000000 -0.212473
 9501.000000 -0.302801
 9526.000000 -0.195976
 9575.000000 -0.106253
 9626.000000 -0.186332
 9675.500000 -0.374923
 9725.500000 -0.068019
 9776.000000 0.050914
 9801.000000 0.064068
 9826.500000 0.061558
 9875.000000 0.040003
 9925.000000 -0.011922
 9951.000000 -0.087189
 10000.500000 -0.155264
 10051.500000 -0.208187
 10100.500000 -0.175882
 10150.500000 -0.217028
 10200.500000 -0.151417
 10250.000000 -0.159132
 10251.500000 -0.106909
 10300.500000 -0.086736
 10326.500000 -0.036867
 10375.000000 0.011876
 10400.500000 -0.010426
 10426.500000 -0.111028
 10475.500000 -0.053439
 10501.000000 -0.023496
 10550.000000 0.037889
 10576.000000 0.134834
 10601.000000 0.206137
 10626.000000 0.086638
 10651.500000 0.140144
 10701.000000 0.184519
 10750.500000 0.209529
 10800.000000 0.177551
 10826.000000 0.124496
 10851.500000 -0.145730
 10901.000000 -0.011067
 10950.500000 -0.047277
 11000.500000 -0.096150
