4301 
4302 
4351 
4500 
4502 
4551 
4601 
4650 
4700 
4752 
4801 
4851 
4900 
4950 
5002 
5051 
5101 
5150 
5200 
5252 
5301 
5351 
5400 
5450 
5502 
5551 
5601 
5650 
5700 
5752 
5801 
5802 
5851 
5900 
5901 
5950 
5951 
6002 
6051 
6101 
6150 
6200 
6252 
6301 
6351 
6400 
6450 
6502 
6551 
6601 
6650 
6700 
6752 
6801 
6851 
6900 
6950 
7102 
7151 
7201 
7250 
7300 
7352 
7401 
7451 
7500 
7550 
7602 
7651 
7701 
7750 
7800 
7852 
7901 
7951 
8000 
8050 
8102 
8151 
8201 
8250 
8300 
8352 
8401 
8402 
8451 
8500 
8501 
8550 
8600 
8652 
8701 
8751 
8800 
8850 
8902 
8951 
8952 
9001 
9050 
9051 
9100 
9150 
9202 
9251 
9301 
9350 
9351 
9400 
9450 
9502 
9551 
9601 
9650 
9651 
9652 
9700 
9750 
9800 
9850 
9902 
9951 
10001 
10050 
10100 
10102 
10151 
10201 
10250 
10300 
10351 
10400 
10401 
10450 
10452 
10500 
10501 
10502 
10551 
10601 
10650 
10700 
10702 
10751 
10801 
10851 
10900 
10950 
10952 
11001 
11051 
11100 
11150 
